0.00014703187217807168 11.396011396011545
0.00044109561653421503 34.18803418803418
0.000590418353576247 76.9230769230769
0.0007399493510604586 122.5071225071224
0.0008886473067759616 156.69515669515658
0.0007451558621149254 193.73219373219376
0.0011866679995334965 233.6182336182335
0.00119166625014578 301.99430199430185
0.0014867712967128188 339.03133903133903
0.0016354692524283183 373.2193732193732
0.001638801419503174 418.8034188034187
0.0016413005448093175 452.9914529914531
0.0016444244514419969 495.7264957264956
0.0017933306675996727 532.7635327635326
0.0017962463137901723 572.6495726495727
0.0017989536995384955 609.6866096866097
0.002095100048316423 660.968660968661
0.002245255827127174 715.0997150997152
0.0023945785641692058 757.8347578347577
0.002398535512570601 811.9658119658118
0.0024018676796454565 857.5498575498575
0.0024043668049516 891.7378917378917
0.002553481281551459 931.6239316239316
0.002704053581246566 991.4529914529915
0.0027078022692057814 1042.7350427350427
0.0027109261758384573 1085.4700854700855
0.0028610819546492083 1139.6011396011395
0.0030108212125755963 1188.034188034188
0.0031616017727128833 1250.7122507122508
0.0033119658119658106 1307.6923076923076
0.003315922760367202 1361.823361823362
0.0033194631878842376 1410.2564102564102
0.003469410706252809 1461.5384615384614
0.00361956648506356 1515.6695156695157
0.003770347045200847 1578.3475783475783
0.003920086303127238 1626.7806267806268
0.004214774828809914 1658.1196581196582
0.004363472784525417 1692.3076923076924
0.004511337698472201 1715.099715099715
0.0052433731527298764 1729.3447293447293
0.00612014961430166 1723.6467236467238
0.006265098882057944 1706.5527065527067
0.006555830459339232 1683.7606837606838
0.006846353776178336 1658.1196581196582
0.0069908865230502645 1635.3276353276353
0.0072807850585628366 1601.1396011396012
0.007570475333633229 1564.102564102564
0.008152355009080157 1524.2165242165242
0.008442253544592725 1490.02849002849
0.008584911947485046 1441.5954415954416
0.009312157411572618 1390.3133903133903
0.009308825244497762 1344.7293447293448
0.009744714349977507 1307.6923076923076
0.009887372752869831 1259.2592592592591
0.010469252428316755 1219.3732193732194
0.010904933273354327 1179.4871794871794
0.011340614118391896 1139.6011396011395
0.01163072091434664 1108.262108262108
0.012066193498942033 1065.5270655270656
0.012209893204045249 1031.3390313390312
0.012645990569967177 997.1509971509972
0.012935889105479745 962.9629629629628
0.013225579380550138 925.9259259259259
0.013369070825211177 888.8888888888889
0.013951367021542465 854.7008547008547
0.014241265557055034 820.5128205128203
0.014677571183419138 789.1737891737891
0.015112835507572354 743.5897435897436
0.015695131703903634 709.4017094017095
0.01613143733026774 678.0626780626781
0.016567742956631843 646.7236467236467
0.01700425684343813 618.2336182336182
0.017295196681161588 598.2905982905984
0.01773191882841006 572.6495726495727
0.01831421502474134 538.4615384615383
0.01889692774195698 509.97150997150993
0.019772246380433515 484.3304843304843
0.02006214491594609 450.1424501424501
0.020645065893603907 424.50142450142425
0.021228403392146076 404.5584045584044
0.02181174089068826 384.6153846153845
0.022249296079705428 370.3703703703702
0.02268643474783825 350.42735042735035
0.023270188767264794 336.18233618233626
0.023853526265806963 316.23931623931617
0.02443665550390697 293.4472934472933
0.025020201262891322 276.3532763532762
0.025457548191466315 259.2592592592591
0.026040677429566315 236.4672364672365
0.02662401492810849 216.5242165242164
0.027645948917878745 196.58119658119654
0.028229494676863098 179.48717948717945
0.028959447526698993 165.24216524216513
0.029689608636977064 153.84615384615358
0.030419144965928586 133.90313390313372
0.03114909781576448 119.65811965811963
0.03187925892604254 108.26210826210809
0.03260942003632061 96.86609686609677
0.033339581146598685 85.47008547008545
0.03421594108728612 74.07407407407413
0.03494651871844853 68.37606837606836
0.03567667982872662 56.98005698005704
0.03655324802985621 48.4330484330485
0.037283617400576466 39.886039886039725
0.03801440329218107 37.03703703703695
0.03874518918378568 34.18803418803418
0.03947618333583246 34.18803418803418
0.04049957514869795 34.18803418803418
0.04137635161026973 28.490028490028635
0.04254594225354459 28.490028490028635
0.04342292697555855 25.641025641025408
0.044446110527981864 22.792022792022635
0.045469294080405176 19.943019943019863
0.04678508355408939 19.943019943019863
0.04795467419736425 19.943019943019863
0.04941666250145782 19.943019943019863
0.05058625314473267 19.943019943019863
0.051609644957598164 19.943019943019863
0.05292543443128238 19.943019943019863
0.0545336215657853 19.943019943019863
0.055703212209060146 19.943019943019863
0.05687280285233501 19.943019943019863
0.05804239349560987 19.943019943019863
0.05935818296929407 19.943019943019863
0.06081996301294547 17.09401709401709
0.062427941887006205 14.245014245014318
0.0637439396211326 17.09401709401709
0.0011891671248396365 267.80626780626767
