-0.00988720025110898  5.735481931611957
-0.008950988907692536  1.7247134750191435
-0.008118741997146788  1.5652792009682344
-0.007286495086601043  1.4058449269173252
-0.006454248176055295  1.246410652866416
-0.005674016697418658  1.0969410209436319
-0.004997816082600238  0.9674006732770977
-0.0043736308996909275  0.8478249677391432
-0.0039054255815614246  4.589548086870764
-0.0036454148529633974  0.708319977944484
-0.003073245101963197  0.5987089145341997
-0.0026571216466903247  0.5189917775087451
-0.002085018326637645  -3.422024184186739
-0.0017728593042354683  0.349592861329711
-0.001200689553235268  0.2399817979198815
-0.0005764379393784352  3.951810990667127
-0.00016031448410556287  3.872093853642127
0.00004807939826848365  22.989259776559265
0.00015250884777182408  45.95775988201831
0.00020505572726110463  76.5990344261777
-0.005361791244068959  8.699962964746646
-0.006037991858887377  8.82950331241318
-0.006870238769433126  8.98893758646409
-0.007702485679978872  9.148371860514999
-0.008534732590524619  9.307806134565908
-0.009471076795836105  5.655764794586503
0.00025773546864542654  114.90311876690885
0.00031034877908222777  149.37579820935343
0.00025919694949089536  199.19402652919916
0.00036369282994175994  225.9939315329434
0.0003640914156268875  248.9823609226587
0.0004687865889203176  287.2764806212617
0.000573415331266227  321.7391954215791
0.0005219977778848084  356.2318041482804
0.000574743950216651  398.3672933872972
0.0006793726925625569  432.8300081876141
0.00031101308855743803  187.68984719221226
0.0007320524339468823  471.1340925283448
0.0008365483143977469  497.93399753208996
0.0008370133310303951  524.7538318200914
0.0008894273486246308  547.7322965676785
0.0008898259343097584  570.7207259573943
0.0009421735209564769  589.8677858066953
0.0009427049685366493  620.5190249929828
0.001047067987092469  639.6561202001562
0.0009953847099209677  658.823109333714
0.0010477322965676827  677.9701691830151
0.0010479980203577655  693.2957887761588
0.0011004784688995253  720.1056584220319
0.001152892486493761  743.0841231696195
0.0011532910721788886  766.0725525593348
0.001205771520720645  792.8824222052083
0.0012581855383148807  815.8608869527952
0.0013107324178041613  846.5021614969544
0.0013111974344368095  873.321995784956
0.0013636778829785694  900.1318654308293
0.0013636778829785694  900.1318654308293
0.001416091900572805  923.1103301784165
0.0014164904862579326  946.098759568132
0.0014168890719430602  969.0871889578475
0.0015213849523939248  995.8870939615924
0.0015738654009356846  1022.6969636074657
0.0017302438514006126  1041.8240941725105
0.0017826578689948483  1064.8025589200981
0.0018350054556415668  1083.9496187693996
0.0019396341979874762  1118.4123335697163
0.0019400327836726003  1141.4007629594316
0.00199251323221436  1168.210632605305
0.002044794387913558  1183.5262875563205
0.0022011728383784894  1202.6534181213656
0.0023054694259867954  1217.9591084302526
0.00240996530643766  1244.759013433998
0.0026178277412315307  1233.2249401706274
0.0027216593122071885  1221.710796191513
0.0028251587284452324  1191.0396277209697
0.0030328883013440652  1171.8427446610272
0.00308457157851557  1152.6757555274696
0.003188270287596183  1133.4988017517835
0.0033439179976383834  1110.4804784356836
0.0034995657076805804  1087.4621551195835
0.0035511825539045645  1064.4637610877398
0.00370669740205172  1033.7826279750682
0.003758380679223225  1014.6156388415102
0.0038100639563947297  995.4486497079524
0.003809731801657123  976.2916252165228
0.003965313080751799  949.441897002137
0.004016929926975783  926.4435029702931
0.0041205622051088756  903.4351442963216
0.0042242609141894885  884.2581905206355
0.00422379589755684  857.4383562326341
0.004327361744742408  830.5985926603764
0.004535224179536283  819.064519397006
0.004586841025760263  796.0661253651622
0.004794504167711572  773.0378374069339
0.004950151877753772  750.019514090834
0.004949753292068645  727.0310847011185
0.005209498296876586  707.824236999048
0.005417227869775415  688.6273539391054
0.00572925403028255  684.7361611880506
0.005885433187904916  692.369077058238
0.006145776071240547  707.6448734407409
0.0064581343864852925  722.9107051811152
0.006562497405041112  742.0478003882886
0.006719008717401092  768.8377407499052
0.007031367032645827  784.1035724902799
0.007187878345005803  810.8935128518967
0.007292241363561634  830.0306080590699
0.007396737244012498  856.830513062815
0.007552982832582392  868.2948338312883
0.007709427713994844  891.253369294619
0.007813923594445712  918.0532742983644
0.00807439933967638  940.9918804774388
0.00812694621916566  971.6331550215978
0.008231442099616529  998.4330600253431
0.008387886981028988  1021.3915954886738
0.008596480156245593  1052.0029761064484
0.008752991468605566  1078.7929164680654
0.00896151821287465  1105.5728921875539
0.009066014093325518  1132.372797191299
0.009274474406647082  1155.3213680125018
0.009534950151877757  1178.2599741915765
0.009691395033290213  1201.2185096549074
0.009847839914702665  1224.1770451182383
0.010108049936143254  1231.7900317041692
0.010316443818517294  1250.907197627086
0.010732899428527776  1269.9845049814903
0.010993175880915886  1281.428896465707
0.01140949862903132  1292.8433940235393
0.011669841512366955  1308.119190406042
0.011929918671912499  1308.0693671954011
0.012189796538615485  1296.5253292899024
0.012449740836265984  1288.8126962826898
0.012657603271059862  1277.2786230193194
0.012969496569671949  1265.7246204716923
0.013437502594958888  1257.972128895967
0.013541267734987029  1242.626580018567
0.01374886444599081  1215.7668871620526
0.014060492020812821  1188.8872650212825
0.014320237025620752  1169.6804173192118
0.014476017597558  1154.3249037996836
0.01468354787761426  1123.6338060448838
0.014787246586694874  1104.4568522691975
0.014994843297698669  1077.5971594126836
0.01515062386963591  1062.2416458931555
0.015202307146807415  1043.0746567595977
0.015410036719706244  1023.8777736996551
0.015565750860695966  1004.6908552818411
0.015721465001685694  985.5039368640271
0.01582509727981878  962.4955781900551
0.015928862419846913  947.1500293126553
0.01598041283512337  920.3202303825256
0.016188142408022205  901.1233473225834
0.016291774686155298  878.1149886486112
0.01644742239619749  855.0966653325113
0.016499105673368996  835.9296761989538
0.016550855381488015  820.5940919636819
0.016602538658659526  801.4271028301241
0.016810201800610835  778.3988148718959
0.016809869645873225  759.2417903804662
0.016861420061149688  732.4119914503365
0.016965185201177815  717.0664425729365
0.017068883910258435  697.8894887972506
0.01712056718742994  678.7224996636928
0.01722419946556303  655.7141409897213
0.017379847175605232  632.6958176736207
0.017483479453738324  609.6874589996492
0.017587111731871417  586.6791003256772
0.017638662147147873  559.8493013955481
0.017794376288137594  540.6623829777332
0.017898074997218207  521.4854292020477
0.01794962541249467  494.6556302719182
0.018001175827771127  467.82583134178867
0.01810480810590422  444.8174726678167
0.018156557814023245  429.481888432545
0.01826032295405137  414.1363395551448
0.018312072662170404  398.80075531987313
0.01836362307744686  371.97095638974315
0.018415306354618365  352.80396725618584
0.01851887220180393  325.96420368392774
0.01867458634279365  306.7772852661137
0.018726203189017635  283.77889123426985
0.018829769036203207  256.9391276620122
0.01893353417623134  241.59357878461242
0.019037299316259467  226.24802990721173
0.019193013457249195  207.06111148939817
0.019348727598238923  187.87419307158416
0.019400477306357942  172.5386088363125
0.019556125016400142  149.52028552021193
0.019659823725480755  130.34333174452604
0.019919568730288693  111.13648404245578
0.020023201008421785  88.12812536848378
0.02033496144513883  68.91131302428539
0.020542757448985188  53.54583486262891
0.02095848231857293  30.477688335887706
0.021322523910989166  26.57653094270472
0.021634483640548787  18.853933293363752
0.02194637693916088  7.299930745737129
0.022310418531577125  3.3987733525541444
0.022622511123031774  3.3389854997849397
0.022986619146395538  3.26923300488761
0.02335066073881178  -0.6319243882962837
0.023662753330266444  -0.6917122410654883
0.023974845921721093  -0.7515000938342382
0.02423492308126664  -0.8013233044753179
0.024651046536539514  -0.8810404415007724
0.02496307269704665  -4.772233192555632
0.025327247151357934  -1.0105807891673066
0.025743370606630813  -1.0902979261927612
0.026055463198085462  -1.150085778961511
0.026367555789540118  -1.2098736317307157
0.0268356946767221  -1.2995554108842953
0.027147787268176755  -1.3593432636535
0.02751189529154052  -1.4290957585508295
0.027875936883956762  -5.330253151733814
0.028240111338268047  -1.5686007483454887
0.028500188497813595  -1.6184239589861136
0.02881228108926825  -1.6782118117553182
0.029020342816904684  -1.718070380267818
0.02933243540835934  -1.7778582330370227
0.02959251256790488  -1.8276814436781024
0.029904605159359544  -1.887469296447307
