0.13603773584905662  27.55644090305445
0.05626415094339624  -190.23904382470118
0.11833962264150945  2.6560424966799445
0.010566037735849057  -17.26427622841966
0.011226415094339625  -20.916334661354583
0.012283018867924529  -24.56839309428951
0.01320754716981132  -28.22045152722444
0.00633962264150943  -6.640106241699868
0.009113207547169813  -13.280212483399737
0.0040943396226415085  -2.324037184594957
0.0031698113207547177  -1.3280212483399723
0.0018490566037735832  0
0.00013207547169811172  0
0.014132075471698114  -32.86852589641435
0.015320754716981135  -37.18459495351926
0.0159811320754717  -39.508632138114216
0.01637735849056604  -42.16467463479416
0.017566037735849062  -47.80876494023905
0.01822641509433963  -51.128818061088985
0.018886792452830196  -55.4448871181939
0.01928301886792453  -57.104913678618864
0.019943396226415097  -60.09296148738381
0.021660377358490565  -68.39309428950864
0.022849056603773593  -74.70119521912352
0.022849056603773593  -74.70119521912352
0.023641509433962267  -80.3452855245684
0.024301886792452834  -83.00132802124836
0.025358490566037735  -88.31341301460824
0.02628301886792453  -94.28950863213814
0.02813207547169811  -104.58167330677293
0.02813207547169811  -104.58167330677293
0.028528301886792458  -105.90969455511288
0.029584905660377366  -111.88579017264277
0.030113207547169812  -114.54183266932273
0.03143396226415095  -121.1819389110226
0.03275471698113208  -129.15006640106242
0.11477358490566038  -5.644090305444891
0.11516981132075473  -5.976095617529879
0.11569811320754718  -4.316069057104919
0.11662264150943398  -1.992031872509962
0.12018867924528302  7.304116865869858
0.12190566037735852  9.296148738379813
0.12349056603773585  12.948207171314742
0.12652830188679248  17.264276228419657
0.12903773584905662  21.248339973439577
0.13181132075471702  24.56839309428951
0.1336603773584906  25.896414342629484
0.11358490566037736  -10.292164674634797
0.11213207547169811  -14.608233731739702
0.11133962264150944  -16.600265604249664
0.10988679245283019  -22.908366533864545
0.10816981132075473  -27.55644090305445
0.1069811320754717  -31.540504648074375
0.1048679245283019  -39.508632138114216
0.10301886792452832  -46.812749003984074
0.1019622641509434  -51.46082337317397
0.1010377358490566  -55.11288180610891
0.10024528301886793  -58.764940239043845
0.09945283018867926  -61.75298804780878
0.09866037735849058  -65.73705179282871
0.09733962264150944  -72.37715803452855
0.09641509433962264  -75.69721115537851
0.09562264150943396  -80.01328021248341
0.0948301886792453  -83.99734395750332
0.09337735849056605  -89.97343957503321
0.09258490566037737  -94.95351925630811
0.09166037735849057  -98.27357237715805
0.09020754716981133  -105.90969455511288
0.08862264150943397  -112.54980079681278
0.08769811320754717  -117.19787516600266
0.08664150943396227  -122.84196547144754
0.08545283018867925  -127.15803452855246
0.084  -133.79814077025233
0.08254716981132076  -139.4422310756972
0.08135849056603774  -144.09030544488715
0.08016981132075472  -148.73837981407706
0.07911320754716983  -152.05843293492694
0.07818867924528303  -154.71447543160693
0.077  -158.36653386454185
0.0759433962264151  -162.01859229747677
0.07475471698113208  -164.34262948207171
0.07383018867924529  -166.99867197875167
0.0730377358490566  -169.65471447543163
0.07158490566037735  -172.31075697211156
0.07  -175.6308100929615
0.06920754716981133  -177.29083665338646
0.06762264150943396  -179.94687915006642
0.0660377358490566  -182.60292164674638
0.0639245283018868  -185.5909694555113
0.06273584905660377  -186.9189907038513
0.06167924528301889  -187.58300132802125
0.0598301886792453  -188.91102257636123
0.05864150943396227  -189.90703851261623
0.05283018867924529  -188.57901726427625
0.05137735849056605  -187.25099601593627
0.049924528301886796  -185.2589641434263
0.04900000000000001  -184.26294820717132
0.04807547169811321  -182.93492695883134
0.04662264150943397  -180.2788844621514
0.04543396226415095  -177.29083665338646
0.04464150943396227  -175.6308100929615
0.042528301886792456  -169.32270916334662
0.040679245283018875  -165.3386454183267
0.039886792452830194  -161.3545816733068
0.039094339622641514  -158.36653386454185
0.0379056603773585  -153.05444887118193
0.03764150943396227  -151.72642762284198
0.03671698113207548  -148.07436918990706
0.03618867924528303  -145.7503320053121
0.035792452830188684  -143.75830013280213
0.03420754716981133  -135.7901726427623
0.043320754716981144  -172.31075697211156
0.007660377358490565  -9.628154050464808
0.00567924528301887  -4.980079681274901
0.10552830188679246  -36.52058432934927
0.1059245283018868  -36.18857901726428
0.10632075471698114  -33.864541832669325
0.10407547169811322  -43.16069057104914
0.038433962264150946  -155.04648074369192
0.0348679245283019  -139.4422310756972
0.033679245283018876  -133.13413014608236
0.032094339622641514  -125.4980079681275
0.030641509433962266  -117.86188579017266
0.08479245283018869  -130.1460823373174
0.08333962264150944  -136.78618857901728
